21606
8148
13338
3981
146
32467
15825
2693
8849
20067
25532
15153
2177
5880
29711
16458
31301
21689
16096
7128
23257
25478
25122
8019
29666
27706
4566
25353
8074
14125
12416
19647
17546
2046
19416
27035
22664
26255
20931
8002
23716
31056
4481
30781
2126
21697
23848
4001
5722
25650
24401
24559
26710
20429
30993
31033
29723
983
15403
25222
12194
15667
21891
10872
28441
16168
31702
27436
26934
5732
13993
17762
21964
3392
4479
5854
23196
13637
3919
28686
14957
10735
29237
3308
31327
28850
11112
21798
29052
6715
1900
10108
30352
2296
27273
29802
8250
218
12667
27656
19268
25690
2667
17198
23344
17082
23070
21467
26899
7053
365
7384
21671
31609
5877
25752
27547
22076
26895
867
6957
16877
23555
6324
24571
30596
30840
12255
26646
15517
15919
6134
7001
6777
3825
29422
32249
1606
17862
16382
8540
24224
20072
25928
5935
25175
20727
31931
6835
1139
17902
26680
25687
16757
1622
28915
23436
23008
11322
30237
6869
5624
22362
28352
31261
30410
10787
17130
4942
30828
4831
16397
29983
18822
13610
11430
30766
7185
1957
16157
27214
29535
31214
31724
1058
4956
14031
16132
23787
29971
22197
29804
20638
25716
5732
17452
3130
11092
26090
13673
13400
28085
25553
3281
23043
6984
6297
27194
12747
6704
1638
27013
16661
3849
24821
19145
30133
26153
468
26030
23487
549
27859
27670
26009
13207
30902
16387
31317
24095
28716
24757
15934
28328
16133
13074
18865
1773
32671
10571
16943
571
31905
3517
2479
14200
31468
29973
30777
7268
24527
7096
21424
11807
1914
12898
31216
17132
24502
24076
28953
10548
6867
28436
21033
14286
3809
5016
16849
13181
5411
2338
27521
11706
32192
4491
12998
16564
27580
12057
3797
19606
11559
27627
17512
6664
25492
12439
29128
1528
4301
28177
8491
6810
23493
7887
21825
14765
8654
25386
17418
15361
10252
15624
13290
10806
298
11960
12031
29382
31563
16669
178
16710
10820
13583
12684
23272
25096
25598
30028
9285
13667
5080
16182
13401
19692
16941
28845
6351
10805
10898
22020
12159
11076
3139
26002
14646
25159
29452
29956
2485
5507
1897
22775
30972
31630
10732
8903
31176
1982
24031
28833
31066
23265
18219
992
27770
11310
16248
4502
11708
15996
18070
360
4354
13746
21019
3744
20546
24703
16462
32637
13705
19019
29252
26317
9792
10605
20809
9150
29615
32158
17282
5106
5311
29357
21456
11217
11524
23413
4342
26915
1274
22797
26623
21470
22415
574
32218
316
6370
7994
19528
19729
6731
19850
1528
15708
12187
8265
1519
17436
14757
4240
20014
21349
14845
21041
22927
30642
21503
24744
17649
27773
24339
22606
5012
24333
28208
28624
4806
21392
28831
9696
8384
24681
20482
30506
23243
13259
12180
12426
30375
6023
12466
12668
19244
26402
24731
13012
19506
11307
13172
26031
32175
21707
12431
32425
8735
14494
13292
336
10281
24513
26880
24537
7039
16429
25270
17170
7430
25923
29876
3736
9783
13735
12767
30026
7109
19282
13345
12797
29567
4579
4458
14450
29049
7990
8692
29317
16486
31288
31692
23974
26953
17402
18318
7309
28237
30468
21103
20778
3312
12523
385
21211
27495
14886
2611
5346
13630
16413
5143
20758
27456
30083
10217
19160
27286
3302
4044
15945
28467
16772
3286
20411
5487
25185
1487
3941
7921
5014
4918
25946
32467
14828
3205
31164
28929
17577
31415
27948
8418
18858
5126
30086
9019
10162
9465
13003
18256
8962
2718
20575
844
12330
8724
18037
32738
24862
20813
20423
1845
10380
3346
26506
23285
26477
72
25505
13771
30939
14449
32529
31736
12322
31606
26805
24377
32025
10915
10803
31213
10931
22259
31534
9593
27601
27278
21693
4076
10842
2960
22812
21727
19598
7180
25506
7584
25751
31569
21747
3215
32353
27755
28535
30663
32684
17901
22539
14081
20064
20206
3830
2230
12576
27986
29982
21124
7713
2379
12668
16595
27709
18974
2765
2488
6723
4139
2442
22298
8338
20520
30235
7187
230
13229
1864
22936
2161
8949
21744
5725
30766
7139
25341
3571
1906
31299
22679
23347
29892
5459
14232
8672
6382
22145
10304
31624
12372
11639
11563
11179
20101
1365
21375
24352
12304
7997
13162
31411
24217
30229
21708
15635
23339
3976
19504
14316
17104
24142
9217
25680
8543
6574
26107
22107
26262
11841
22751
21527
12648
11256
18027
21405
26008
21856
23945
9341
16263
13349
1223
18528
23115
22230
12551
16108
23552
7143
5239
18664
15459
11772
14788
26273
22941
5477
24459
5516
20316
740
10257
4396
17448
14263
28979
6966
8437
11986
26784
3828
26356
27501
12357
17383
6063
4286
9993
944
25429
9992
10683
5937
4434
12756
24648
12015
22307
31614
27442
10938
4457
14836
1341
1169
4924
28859
28012
25280
32705
13363
11563
5451
25087
12827
3790
655
30446
9047
22586
18215
24017
2801
7650
3341
8902
26207
16886
24065
22428
13060
29654
29999
12004
27897
17357
21516
19787
27404
7932
7809
17703
15369
18324
587
28751
26937
7497
11682
7216
16937
18947
6424
15389
5548
9942
10437
5607
31779
27956
26785
7342
5884
2145
26673
28150
27001
6952
31078
9469
11955
3533
22210
30797
20702
14402
29884
21901
26062
31901
614
28572
21690
26058
23885
29409
2369
7805
31904
21468
22442
21611
6037
27649
30320
23482
2825
22727
12542
9910
16999
20732
14263
26053
10186
25691
12601
25501
24422
22880
28899
29108
21028
7515
30357
30968
19340
31428
7094
705
12008
2510
4476
19972
1958
3902
5223
17609
30975
15742
30991
26079
20694
3053
30240
30414
16867
6266
20387
4621
2320
18289
18303
25973
547
5524
30527
13558
28574
20590
30485
30089
31203
10468
30239
5221
10652
21517
10218
15990
24922
11844
11061
15371
6780
5243
19959
13519
26963
26578
21155
28666
3204
28520
6826
25800
2989
3184
23105
12075
10571
29832
14694
15548
11227
26183
1565
17912
16959
3093
23552
26537
1892
320
25846
28834
26914
11596
5955
14255
30307
27018
5313
3532
22664
9452
3948
8341
31752
31255
22308
24830
11354
27578
29871
16964
10006
15134
30206
25892
27223
3327
20401
842
16995
20635
30685
12044
23182
7432
7692
15192
21851
30922
9349
24555
12261
16293
16078
28100
29821
6832
22896
10201
149
16043
12026
5128
25053
25746
11848
22608
3755
12402
5637
30785
32160
31356
26991
1713
24713
11864
8794
8113
1667
13500
17528
16064
10595
6972
13783
17726
10836
28260
171
17699
450
31236
25166
25584
26231
25547
19333
27110
28676
21527
13829
20854
14435
8460
29494
27386
16602
12260
22582
26786
7714
133
27425
26289
12233
5977
30096
17385
26325
14682
8287
24131
24490
11884
31924
2020
21294
32240
7740
18509
9002
22934
10936
15826
1524
10866
697
13133
5451
29779
26535
15891
17538
848
17160
30759
481
6051
29439
10926
1864
955
16403
31907
7701
28812
24626
31180
23112
15402
10998
1517
4325
9878
25383
4155
3482
16599
14720
6931
19362
21069
27830
27628
13801
10307
10934
30603
12913
963
5934
24182
31988
6574
6992
3498
5323
22796
25299
22416
16910
27552
10810
6446
30205
9407
16984
16282
2718
21091
27924
16821
9640
9340
30570
25109
17056
7814
13490
19779
10306
18272
16165
26663
19746
2908
8605
25280
28563
1171
20124
25369
25800
7547
2192
23672
25401
16827
8021
26328
19528
4413
9980
10905
14629
18821
3019
13431
20207
22850
10116
17849
7708
21027
15339
29866
4378
11500
30338
12621
11830
5065
24983
589
12478
9954
26240
3635
15714
28463
17702
17627
13792
29582
9408
15657
28641
9235
8673
6904
21277
3999
32181
4435
8902
6068
21127
21736
30244
5767
29063
4793
9341
11095
19915
16149
10295
8446
6291
20679
15680
8902
29393
15501
16046
13181
22505
17612
1955
6860
9653
29057
23412
15556
26060
17531
6410
4026
15364
32200
15752
9301
7733
1133
31277
29669
14656
18266
24957
26870
10064
10908
28571
22054
23392
21717
29178
20275
26110
28905
4660
6232
30542
14331
2106
8154
16977
22424
14254
13790
9575
2097
15501
30333
15379
26575
11025
6682
15871
27906
1750
8179
20288
1562
13627
1783
9690
14490
28427
2264
10375
21738
30045
2912
27316
4684
3512
15368
10701
10001
2427
2503
12218
12557
23676
28968
16042
584
1776
20127
27151
9718
22155
11037
233
12714
17128
14050
27976
14022
26922
26259
11532
26678
27364
26252
18416
18526
13366
22647
26311
29520
27961
3869
28677
22851
6813
15485
19840
32065
12689
17947
16248
3103
8931
13211
24789
24498
8553
27534
16561
16960
10143
12940
13590
1589
145
8323
19209
17943
22524
78
30663
24764
5552
19850
28494
1467
2104
17573
17439
26144
8893
14647
13379
23908
21032
9878
18316
9884
11655
11941
8989
29168
1458
31468
13868
28239
6190
13294
9223
7009
26961
694
3925
30653
2471
20660
10911
24413
19093
14791
12815
11854
9788
25755
12919
31660
24224
13621
16788
206
6154
3532
2965
190
29355
4571
22999
17388
26497
8052
30451
31779
27775
29399
5114
9403
9192
10307
4863
13073
6908
4108
23254
11060
23510
2286
6172
27873
22165
21665
3959
19634
26042
6829
25887
19858
29137
3456
32158
3700
30804
26046
23508
16453
31180
10200
8253
14366
4921
26592
3447
29119
18100
32668
13822
5689
14163
27353
14139
23274
23629
15873
9661
19630
28510
27376
3782
23380
6765
18436
13065
14671
10349
3443
24242
25518
15745
15586
679
26191
23139
10035
29453
12367
12038
1182
28431
3268
122
21251
21978
5039
9745
28286
11500
10028
25024
6205
23439
20716
6087
24462
16288
5093
10644
8508
32661
1608
30693
4380
15807
18356
20526
483
4299
10153
18746
24378
25999
4159
21268
3605
11780
2328
32296
10048
398
26259
15782
16442
4740
31042
10535
13895
7404
20895
403
12225
12934
27642
32066
18351
2061
22710
8033
6041
10169
13493
7832
5018
11528
1553
7913
27830
28094
20749
17116
28014
13354
31051
22489
1170
28332
17215
8661
29271
30836
2531
2609
19369
24460
31916
13790
18370
19481
31165
18118
3068
27870
22620
19559
27107
3329
14242
10177
17295
14098
9590
26227
2609
2377
12732
22817
2795
7951
16841
26904
32229
13248
14362
28981
2973
25264
17478
7683
15486
10348
28466
6435
1717
2370
14212
1009
28224
259
21082
1380
27463
8199
25659
28470
2736
31090
17998
15941
31982
18102
11209
31290
1817
25689
15277
14440
2628
3065
29361
17911
5387
28557
24955
15681
13163
6637
6934
2684
28887
14485
26529
9114
16519
12965
3908
30573
16404
12589
20841
22543
2114
31912
23592
25729
28
21446
22530
13714
26183
8047
23507
20994
1168
10244
23810
11752
16839
12264
28667
14673
1488
5951
27871
16938
9207
27893
19577
11616
16260
4354
20853
19269
24207
19437
20940
19254
7958
32655
13443
4731
16973
21786
30613
31342
565
3162
21038
14815
25968
20538
18201
32184
1364
13449
15228
29917
31294
16638
26051
21334
25129
11642
10458
4272
13695
13198
12191
26016
24110
6461
23703
19690
17663
22787
25055
2945
18724
2838
5478
1008
22031
29675
21850
22776
2955
23548
4320
9083
11269
5321
18696
16281
17706
20252
7680
29976
18104
9874
15496
32521
31629
1623
16293
13992
6405
19249
23194
25989
22658
18112
24340
737
20300
2052
29605
24667
30876
3359
3699
2508
9715
16988
2098
23663
18864
29297
23375
6469
20450
3073
25454
30391
31067
24677
12567
30078
27910
16300
17836
31936
29562
5600
19359
379
4302
28043
7905
15655
28847
31610
14750
14231
22705
6081
22823
10273
5347
18432
28464
29182
4774
16100
13115
16371
7615
29936
26708
817
29610
15997
11007
22907
8497
767
23407
7814
24126
31115
30712
11429
23534
3734
31687
4262
14566
22272
5585
13558
4074
13393
19465
18444
21676
3650
24278
25093
29409
17791
196
11660
25498
17323
13946
6141
11474
19620
29420
19658
32579
29961
17361
29
26239
25082
8792
19647
16187
13855
15382
10552
26606
20460
18499
14392
24475
15651
15655
30773
18154
1946
31183
5718
30590
16190
14340
26768
9603
25944
23166
21263
16262
7439
27476
7383
138
17710
24247
30635
26712
24360
28128
16173
3606
26458
7751
13128
283
655
18710
12747
11266
9417
14045
13142
28157
5439
9095
3962
24172
29602
16013
19484
28335
8868
31593
31770
24120
15291
17998
28978
13540
28706
28950
17695
14219
31522
27772
32260
2774
2447
8587
21006
30800
14997
32598
20053
2496
7605
4330
25860
28343
21002
12161
9914
24677
10961
9464
11056
30640
32040
21123
27931
10632
31510
12192
7508
23924
16332
13641
12598
21105
28970
2414
12359
17917
6789
32418
1307
4463
9384
15381
21878
12681
3864
8642
9649
27728
20125
15593
19295
2331
29949
24768
29488
20203
1547
14182
15893
15610
7648
24344
14756
12695
19561
26535
14271
29488
18978
17449
18800
20401
27168
1263
24856
17933
27989
28088
24521
28185
6928
15396
4592
4769
17091
12908
24375
12726
2825
14927
12713
22341
12775
13392
22551
1518
8786
18206
26555
8722
754
17236
24860
4910
8742
28514
7217
3944
25416
20427
16329
17768
4402
16274
18475
22633
14849
27886
24825
25232
30745
3653
5722
29052
19561
25432
8535
12574
28144
22204
21382
14539
12927
21385
26086
11919
29889
9046
12043
13509
7034
26724
1147
21988
9740
2073
19287
25244
25151
6576
31806
30242
12097
11568
7790
5320
29164
32410
32300
6352
7752
26983
8807
24962
31313
12337
17816
30844
32250
27825
21996
8522
29809
15337
16549
1846
17061
31394
3261
32097
30470
9753
2253
1299
1675
13558
4142
3664
23290
31869
11102
9900
5732
30216
4005
2656
12270
30901
16888
19356
19928
15196
24861
1055
183
12996
23312
17670
17413
8214
4518
14561
26588
25489
12912
11276
18431
26496
17890
28477
29722
14185
14772
18521
11595
6024
27273
25996
23776
12411
28879
1688
26723
9023
13542
20589
1748
6491
3716
32507
31541
9563
29528
26948
22604
1920
30957
2997
12708
10934
11730
3254
24021
28102
3576
28544
11781
3277
5723
26926
16047
16109
15332
3095
17827
23618
18830
15708
334
8216
27081
10429
11580
23387
24348
9905
8155
11086
12301
18613
30082
2176
19013
32740
27825
16893
24816
4552
22427
14529
2659
20336
18145
28530
24833
17090
20897
16974
11103
17939
7855
23394
20390
14837
4898
14076
5689
19792
18963
19556
32664
2997
14753
11975
12677
9710
10552
14964
16229
10458
23828
8779
20968
5752
6912
29041
29164
5441
27748
21833
31391
10683
16766
17312
30436
11851
23024
20776
28153
32074
5755
19496
25430
348
6154
28529
3544
8189
20466
16788
2590
12893
25976
29778
3124
110
5268
22612
21614
29243
27124
14621
27543
27515
68
13628
27211
1382
8877
26310
20386
6855
30875
28675
11023
23123
7876
16488
7559
21305
20838
9669
30181
12282
3023
32192
27789
4987
16675
7042
16975
19545
4698
13744
18063
21116
9608
28829
2211
17135
609
22718
14461
19950
6140
24926
31370
19265
20439
15250
13017
26825
21020
6512
2944
10073
24354
12668
14908
6599
25143
5731
18775
6722
8605
14060
26575
27109
12242
6699
1204
28301
532
11256
14802
744
20517
11679
18832
3279
8524
7897
13336
19926
10908
13051
10168
8737
25208
9838
20616
8569
27991
2143
19278
22174
18373
19639
16286
223
20907
14926
25926
5097
7887
2395
30953
27101
12446
17968
25577
23461
32042
19492
7050
13191
26479
27856
31573
11770
3290
6014
7867
31929
3084
5342
32251
23
10459
11003
21062
10898
29081
15726
1312
17066
18841
15825
12041
30452
31984
119
26973
30826
16761
18778
30585
3845
18716
9557
2847
23694
18767
25492
10268
16817
7132
17224
27431
6483
23781
10655
14349
15909
10790
29683
4875
3705
26491
14914
10619
25173
11426
5598
19892
10182
16449
16485
27179
6519
17451
7924
12254
17282
30431
3480
1010
19078
11858
32517
28826
10490
28654
17547
7484
22209
18906
4677
4559
3838
20860
5012
18824
10281
27452
9163
22709
12899
16267
32556
10729
20486
292
20
5721
31873
26770
15474
23942
13667
2291
6013
16412
14773
25083
7079
16922
21389
21308
12492
22580
24544
21668
688
1142
2200
6215
11176
9769
25830
31070
30615
250
29658
23696
21276
16217
9521
25969
15114
29728
25710
9545
16409
24437
23084
10006
29403
31473
22450
31956
19441
4354
8392
12795
25726
25485
1993
18250
4828
9688
4090
7107
16270
19880
2586
26359
1654
32678
24378
10371
30792
6919
32207
12507
4159
10348
7430
10054
12815
12295
19031
12586
17434
15104
30045
7818
14822
1047
28133
16333
8911
7050
2117
18625
4345
569
23535
25823
27785
8
20549
24785
1813
14725
27567
3377
856
18635
6379
16020
25899
23974
22181
3783
23985
10487
1352
17240
10193
5978
18195
32088
2281
7943
9839
5728
18880
9462
30336
20178
15293
15687
8698
12641
7767
19168
23606
20436
30925
16984
26757
15622
15383
5140
27588
26674
16668
431
31792
15725
30501
25247
25468
12148
22162
7190
18209
3752
27596
20519
10998
20823
3706
2090
512
12605
6392
24161
16779
16971
13316
27356
10873
26279
2747
30617
15579
17395
31429
16368
2494
7634
5324
16174
22343
14760
306
21121
19203
12194
7427
12820
3704
19703
25384
1402
8704
27501
30174
5968
20951
25118
23655
27678
370
29564
18687
16511
16658
23699
31506
12930
24986
27022
4524
6735
31389
13181
25137
22030
5820
27477
10062
3332
31279
22072
7215
11775
14241
24311
22515
11509
1857
24790
32093
17384
5142
3983
4812
15116
13202
8345
5741
31788
15211
6569
8879
30026
27046
26746
14071
3718
4853
10186
30870
14145
2882
13733
32760
20097
31884
32485
1565
27287
8178
9210
1613
17408
3341
23271
10248
18314
4995
12941
1341
5047
21209
6956
8380
25958
1161
22567
8428
14256
11349
16135
8897
6929
8922
26563
14569
1992
11880
12863
27462
12160
7697
17682
19105
4655
6912
27020
27805
23103
9229
26872
25577
17388
26510
20254
2234
5101
28527
13836
9593
24918
21381
32534
23480
14013
26143
7452
21867
20123
3806
21515
5717
28406
18375
4518
448
10301
28823
17287
26737
31604
27734
20064
13019
11152
15663
2695
31635
15909
4735
27058
11780
28478
32044
10751
32100
7308
15928
14903
18407
27588
25494
13139
14898
12354
10044
2879
18194
21490
17529
25823
18286
18288
14217
8528
22138
15726
7015
5744
15918
13655
6626
3744
2039
6449
8691
30152
1452
29384
22606
22428
26307
31753
30263
4894
11717
3756
2711
26468
6655
14102
20815
15772
22907
28285
5324
21581
5934
16461
19931
12256
14707
24266
30143
29790
25784
27383
16002
3195
5751
29623
9608
16852
27753
28723
5226
10869
27638
14715
1025
3998
24047
18288
21952
12743
4735
13537
22343
3553
8543
20212
9270
2015
31306
13256
23103
7797
22961
17496
21376
3103
30127
28067
23311
31078
30527
3338
4054
9311
5037
29689
27041
8564
23114
20169
5237
6502
2660
29413
5668
10387
1397
22572
29214
17269
12699
16791
16266
17516
24648
22812
26005
1725
3387
17106
29194
13018
2479
27477
15908
8164
26578
5484
21920
28270
14968
27369
21525
16516
32017
5329
11400
13035
14296
7869
3899
31659
13390
10624
25031
20939
21991
12554
32106
604
27395
27021
10146
22201
2591
30686
30971
12300
20301
2333
9765
31764
3553
3480
24393
26406
19054
6893
14749
28530
4337
14703
22327
15752
31563
8395
16671
26139
31733
10220
10151
30980
16623
27675
31999
393
17145
29547
7684
23520
21766
20052
32089
1007
18414
31902
1209
16726
30307
6528
8331
21679
19750
4874
10679
2580
9082
28864
8633
21730
30682
28040
29940
22717
25831
26822
14152
981
25252
29381
3814
7783
10213
30809
16739
29574
16389
20930
5900
30491
10456
14548
2170
3371
3296
27221
27238
22104
28100
30375
3006
9643
21245
1446
31223
912
20691
4564
24486
25122
31624
24244
12618
26281
6867
11891
7276
27745
12688
31437
27883
9342
11701
13615
23697
30572
21640
21017
233
2907
16143
9159
19285
5115
31432
18448
20315
20356
8859
11662
17216
21754
1037
29695
28376
6063
9398
11243
31900
17417
15349
14728
24829
22917
29922
24282
19448
9724
3204
12574
22763
1574
8261
32105
28839
3932
16546
24717
4550
1698
7207
5692
29503
18660
22171
17264
13623
2176
24696
16393
5146
1029
25246
9144
20971
6714
4679
6685
18904
24419
318
16940
25106
6079
15948
7381
20443
15189
23027
20196
25057
26353
9055
14886
17610
24169
12698
12749
30224
1060
3327
19989
22799
27101
3313
9000
8796
24229
15821
24383
3417
7719
25372
5131
4102
1328
27150
12115
282
28527
24612
26334
25683
8825
16940
7059
20746
27151
14194
30687
9994
18852
3381
19799
1442
26394
1624
30111
14585
4813
21338
14986
4514
4306
18056
2434
23152
1921
6257
30251
24716
14128
20635
20547
16836
24386
9844
20685
29990
29793
28299
8814
16846
3079
26624
18711
6140
8515
32314
11492
106
5818
21207
19524
5596
6636
9193
22875
15608
19384
25183
18084
3672
21026
3265
1755
9950
14165
8737
1050
21063
14820
16718
4674
17411
29269
18506
24732
21060
29152
2046
11968
26454
15988
24621
18614
7470
20475
22439
3676
14149
29407
1215
2567
28327
13261
23038
23149
17478
14521
11033
29635
19861
11042
32289
31778
12114
6039
31994
18223
15011
26234
6926
13563
24677
20996
17218
30760
28353
32137
8746
1870
19712
4605
24696
15772
10656
952
25019
28355
20135
25974
23366
29199
4151
27810
22381
26839
2403
2772
30968
17432
6977
16536
4817
19805
25152
3441
26624
14050
5564
8477
10201
30456
1488
12827
31348
29355
11116
7531
12638
15267
32423
13205
28814
25928
1878
22252
25499
13610
23517
20244
21292
12959
581
30146
11951
22958
26511
8387
24142
29995
24904
27968
28958
25636
27998
20544
31642
20092
9266
4206
14929
3286
4334
3357
19675
18356
25625
30345
7441
4576
13417
23391
18046
524
16856
12160
4624
4021
28409
12290
23059
14157
25741
18552
27232
10648
4946
23924
12498
2647
2075
8266
20986
548
17957
20502
30228
10141
7081
3072
25145
964
9390
6846
12758
13734
28705
19291
17500
31035
31527
21303
13113
5518
30386
19792
25608
30237
2899
16063
2820
29571
3919
17542
12739
3924
25332
20104
5665
10057
26413
3033
30074
25501
16981
27704
6172
25782
26441
23258
12539
29704
4801
5738
26023
15415
13024
19021
4732
19579
27913
19754
7960
27465
13813
10410
30483
31792
12290
20092
31466
32001
17358
7837
32059
24114
9989
8918
8248
14980
17783
9094
10070
12772
16494
31137
4421
27535
30782
16889
3621
890
21533
21948
9719
26353
15413
11326
9041
25726
31224
2553
5718
29452
29364
8403
998
29772
28775
1439
5394
30296
27860
7909
23251
14487
4822
28902
31227
30688
27125
27355
21355
17890
24631
6526
31879
28611
9784
25291
7143
14343
4477
12040
32335
26548
30982
8963
30690
31411
16418
20379
26002
27514
904
31361
25307
25064
7330
25664
1969
18800
28460
12155
17079
4730
13566
19830
9137
8966
15398
5081
10812
14995
19258
24496
27837
19775
8173
27061
11159
6703
15327
12242
9377
305
29626
6114
15063
23456
29818
12216
17999
23689
13068
11874
8303
15371
31259
6830
16478
12804
2599
15086
31672
1002
32727
12793
16262
10742
29840
28018
21869
20360
3398
18765
2341
12999
27538
3214
16941
10119
13573
9044
26045
16753
9405
14871
5373
26973
23349
7726
7028
25091
24673
1940
8643
32723
3067
12267
30867
6177
18456
23233
4044
27525
25086
13075
28167
3970
23865
8719
15431
7013
31980
798
14819
7280
30566
22818
11463
5432
2037
26876
8669
3148
21247
23890
4549
28183
20558
22415
15820
17928
12204
4651
22812
4848
27568
30764
21040
15019
32471
21997
20619
24834
28374
1822
15018
9680
8751
17932
22583
3684
13315
34
25727
7719
14887
21424
9510
25214
12666
6892
22809
30194
1141
10295
5061
16015
24579
6049
22663
27529
19091
22958
2659
30246
12652
23387
1016
10711
24641
28508
27571
30632
5894
23720
6212
6363
12802
13879
6478
17616
6180
24586
14435
32297
25498
25965
1583
15147
30880
1145
18419
28006
32406
4828
22838
11416
28502
8157
21943
2255
12484
30618
8101
18382
27815
27540
5650
4530
6839
1134
4006
20693
28918
242
28048
18675
11844
18005
23234
10635
29486
9660
2910
8072
7432
6910
4203
10785
22331
26796
5069
14078
22239
13647
4212
18844
29837
3568
23251
12786
6254
29150
3476
5717
11416
19371
11914
21657
2459
31608
8167
32377
4438
22130
12719
30008
27664
16285
26476
26761
7108
15825
17956
15533
22971
13058
16008
7131
29280
6340
1902
14052
4945
26125
31873
30999
16306
573
21815
13154
24262
26973
18436
699
6336
26020
28110
30142
30166
576
31136
13720
29592
6995
6306
13859
1152
12091
3657
12626
11722
21782
24779
29136
14213
31877
10710
12516
8939
23217
24449
2968
23278
10380
10627
21274
21267
5722
5794
15458
2179
6255
18031
13077
6496
28986
23345
21418
26197
7298
18463
20683
29297
32752
20434
18430
30005
1230
18169
18820
21227
32526
28495
6017
28474
1422
32458
24670
3576
8090
10005
30828
13887
27571
12609
22218
19395
9102
440
22920
21090
8544
6258
5388
4093
19033
24939
12981
135
622
26964
8895
20571
3420
19080
9575
20691
234
26179
28495
6934
11374
15886
27939
21809
6546
382
27261
19818
2648
9246
8198
24528
6236
4010
27871
23063
22874
18046
16191
20899
11503
2637
28765
8163
6052
23318
6032
30944
20264
25172
6324
20502
23517
7798
29137
32642
29590
25230
3063
25852
29088
32333
4972
27079
4095
8751
6922
10343
17913
21491
3810
9394
28633
1870
14885
18986
9197
12000
25669
9354
22737
22887
18775
1695
16623
12083
29116
4953
32583
25562
11520
23842
6508
28716
13314
3950
19151
10345
13909
22164
7488
690
22247
31196
27314
8638
23520
23513
11327
30670
5581
21753
14956
5603
16894
7258
25261
31534
27692
13023
30252
30920
4960
1156
13766
32163
5647
13294
16214
24257
10634
17479
24631
28579
24726
5448
28932
32517
1366
26007
7842
3016
19058
20308
17537
17968
6002
29422
15390
12623
29803
17468
17869
30913
22750
11721
28341
20122
25053
32367
6172
26013
13167
21799
997
23471
2358
32543
2646
10379
14927
31757
23839
25782
13434
7364
31640
31926
12923
28676
15435
9343
12736
29079
4018
7982
27459
12185
24642
12025
21426
23064
13224
16742
26318
28893
29010
11196
16913
904
29233
2999
21139
14307
15805
8320
6702
2672
6202
12252
20448
32068
17978
19364
24434
10520
10596
2933
3159
25758
6771
3752
15319
30225
9346
23173
10861
784
1414
26803
4205
12972
6172
31219
31209
13760
2693
271
21974
10625
1774
14860
107
2133
12533
16807
19658
7401
7274
16640
20962
11133
8530
400
32404
17795
12594
32096
14612
31593
4490
16253
3475
24755
8095
10407
12315
5708
381
27721
21946
20254
26685
22958
10466
736
18308
17777
23824
17199
9804
10037
9644
26337
27879
16279
5168
32662
21568
23137
8589
19855
23141
256
26315
9668
24642
12601
18671
32304
21679
27671
7201
5232
4270
12584
526
25228
18669
14825
1932
22037
14483
2430
17788
32112
26937
9382
2293
8049
15413
1519
18079
28972
6431
8742
23900
24071
25998
4370
27694
5652
10787
11874
16213
22174
2249
18147
6327
8450
26682
9718
22405
21440
30918
5954
17180
22994
30288
12454
32041
25661
19353
30833
24337
25061
31425
15318
18064
10661
28426
10650
5536
2719
7136
1296
27036
14033
3350
1351
19877
15338
19571
13442
27717
32347
16493
25576
1106
27312
26676
1917
9493
20769
6386
3665
30124
8036
8273
2808
2989
27846
28735
16441
5388
3194
14318
26122
22847
6705
3614
15037
21919
13547
4254
13428
30994
23564
7440
26330
17127
8882
1774
28949
18689
11590
28362
2038
26936
11601
7898
28787
10748
20369
4275
32344
3643
20557
85
27449
24709
10725
12392
6571
14703
4525
17349
6324
17717
14075
20536
31615
3235
30847
3716
22868
17717
979
19368
2504
27773
4947
32609
28977
12997
15919
11248
29021
30966
3775
27421
21124
26040
21270
19580
14458
21979
23513
26863
30761
11254
7506
20332
24895
17229
26304
12033
20516
2552
9201
25109
7215
1602
23827
16112
13849
19280
26824
20862
2738
8451
1144
25167
32210
25374
18155
28387
4499
23468
8471
30501
3517
7324
24886
17461
15234
7343
27676
3178
2412
7060
8392
6296
11155
4433
6713
20110
3091
11492
17283
17635
8125
9770
29217
17395
29453
26369
31373
22564
860
20393
29454
22894
14423
6769
6353
3098
4528
8847
2876
16073
23828
4687
20863
2489
2140
15472
24172
4932
25607
9418
1672
32169
27112
31797
7266
25103
23580
5031
10019
31943
20543
2716
26471
28370
31455
15547
7755
14499
20273
12982
19143
21029
18179
6770
20799
1024
26354
2664
16724
26137
21213
5195
11776
10071
1690
27370
19426
685
1767
8025
18902
1365
7843
14667
6089
2649
31806
11971
4044
3928
17262
32492
13670
18055
26403
29764
32559
2550
24510
20992
24218
5141
4477
28845
31251
8566
30522
3603
19786
24532
25942
21598
9166
20053
30960
23680
8669
29452
1882
12241
20347
2498
8653
3320
22977
4086
347
29711
32376
21026
28454
15874
21990
24128
31952
17208
28392
32653
8498
21878
28993
10125
3409
4352
14898
26703
19853
18689
10059
25586
2844
4908
896
21864
439
13988
19071
5754
32147
537
13889
18188
30099
19764
19167
31139
5564
10550
21672
2340
19945
1244
3184
31711
14528
18309
22058
6091
28388
10134
19898
3091
6764
16414
5636
21458
24213
10678
7753
13851
26547
6828
20915
1853
14190
21088
25902
3909
298
21485
14202
14788
10951
13324
30590
29394
17803
32310
1248
21842
4956
29961
16082
3704
27699
12781
13615
6793
6093
26615
28614
16098
28580
19982
16374
25916
23837
29772
20603
15406
2051
2214
26503
16627
18740
20176
3860
5742
13722
20315
6009
19819
21853
545
10300
552
23383
30690
21288
29460
28873
18223
23967
29910
26956
16519
13361
26513
29450
11713
15469
4455
5933
8361
30966
572
7832
5358
13274
25788
11989
26940
8992
24735
13135
29605
15264
29227
26306
13637
9752
23291
4335
28966
2683
4096
19604
10849
9612
18629
27035
19846
23724
5111
16274
2366
17392
5412
1115
6703
19063
20419
31525
3616
251
9077
3995
16990
11941
23946
12634
8542
10278
967
937
25507
7427
15462
13668
22498
20272
30559
5434
30309
26849
15590
13849
17325
25757
17717
14309
18011
15252
15755
2160
5201
20018
24181
12455
15124
15092
14156
521
1908
6011
21247
14430
28784
16351
6674
25509
10580
12357
5607
11854
7972
7348
31037
21417
25917
15140
4598
23199
21818
29656
2077
26784
26133
27630
3623
16604
32398
7733
26233
17334
18129
30270
25131
629
15699
8630
15628
15165
4861
3058
31462
20799
4748
14284
10755
5420
5944
27566
12015
29167
22163
25580
32128
20891
437
32599
25364
20130
406
6671
17946
1353
21179
2712
32468
6488
17429
30000
11610
17430
7462
26976
12515
32372
28517
32210
9280
7049
5860
24162
937
26430
11824
119
24508
7499
31096
29076
16835
19554
3314
29738
9526
31145
12923
24241
10881
6254
21118
28918
26374
10775
25622
5047
30310
6743
10359
13933
12540
11176
13706
16233
11179
2037
5079
16930
25818
18838
29608
28622
17084
4226
15723
30255
18133
30656
345
16560
6842
32543
2645
20400
23064
15655
6167
6686
15863
27983
1161
11590
3392
11889
22641
32490
30333
1402
4945
9621
14049
30822
10891
27436
12936
21868
969
28102
25087
31349
28316
17085
14599
12499
24932
20486
27286
28976
32111
20413
11807
9156
7781
12804
27155
12492
30947
20750
26536
30007
3174
11127
29657
28578
27755
6359
4526
14726
9428
11414
8637
8368
15758
15106
8945
29938
8561
13470
28810
24089
27751
19389
8549
19998
25809
6224
27774
25505
9254
11773
14003
20626
13021
22641
11723
6450
7054
29174
5302
16186
14676
2120
9494
11609
17781
17316
10751
30436
26693
17443
14331
16330
20807
26950
9810
24774
6806
14290
11656
7128
31619
20958
20262
29941
3712
13610
27326
766
11837
13234
9257
19695
11792
23171
32531
1881
29082
15054
21434
17938
10152
18747
242
30250
11351
18303
32621
13346
22140
27697
14905
21081
13378
15577
20618
9159
31509
20043
9402
24301
11967
24371
23694
11532
17361
240
14011
14742
16709
17062
22952
21986
9569
4750
32630
1315
4575
18833
9022
1179
842
5398
5017
9228
6059
13080
3686
624
10341
13435
18887
745
15198
14752
3693
3579
3935
23863
18198
29433
18366
16724
10579
32189
31546
29381
23439
5276
10790
5796
15437
29338
24522
5672
11953
20953
774
15552
4162
6744
6712
31843
15342
26842
1632
19489
15951
547
31106
21759
7980
1642
11340
24833
25667
30988
5881
16520
12613
28798
12661
6622
10531
645
32450
22288
29832
16553
26522
9724
4518
22759
10326
16042
20790
11942
22030
25568
9402
32748
16130
20976
8710
27346
10808
4053
24574
26421
14951
22142
4257
2223
30740
618
31815
7365
18171
17269
16934
31074
19120
32498
539
3973
32390
6137
21416
5686
1200
4610
11833
25022
28838
16819
9899
15127
4299
32759
9742
19362
31564
4944
32170
28952
25163
17262
31809
3523
29501
19200
26772
10478
17808
7114
1320
29594
7313
10488
330
1394
142
11186
31569
26113
29495
5616
30755
13859
17226
10128
29691
3513
17264
22950
28777
24993
26722
5139
9114
1510
4687
24921
11481
8243
1410
5293
29270
7822
22080
5710
3110
1602
19439
18966
24716
12061
32638
17486
21879
16092
14592
16583
15179
30948
20634
4134
21732
13875
5792
28544
8409
6549
1787
32295
18429
21531
19406
17859
21804
3529
21337
2212
6724
18063
32029
19030
26225
17275
8768
18038
29102
23596
32052
18885
8584
15498
13460
8571
2853
28340
3406
5342
22150
16698
2055
7442
26377
23949
28091
20275
27954
8883
4004
11425
17834
6207
15966
19867
18824
3457
15432
6672
29648
14586
12077
1201
57
27666
21796
31819
26420
12046
180
1876
23337
22844
8252
15812
11012
31088
21650
5414
11760
8884
23275
13038
7266
28988
19963
14605
31322
23448
605
16579
30438
9261
564
30644
25831
32486
27667
4927
12567
16167
14618
3595
31051
8707
11874
25570
10486
2222
32156
16323
16111
14133
22772
20530
8308
27500
32316
13779
7534
24616
32070
16439
2550
4271
15761
27894
4377
20589
1832
23806
9432
2793
4808
13354
12147
16375
25921
5911
27112
4142
31262
15155
31670
28060
392
15638
18406
17593
13672
12566
2892
12698
2508
8725
12299
5479
15500
29342
31319
8207
2093
21553
29311
8762
32261
18650
12330
15232
19360
25352
27360
14552
28515
14237
29645
14163
8303
13890
31938
24330
28105
23549
20605
19028
22711
29701
24618
27965
28269
23253
18986
4404
9448
30591
15890
14596
32539
24387
25079
262
15433
22368
7401
20372
5810
10538
27325
27072
21873
31837
7440
16454
13733
11185
11656
2240
28367
18350
1373
30489
22139
15298
24088
11076
26403
18833
8091
10030
11856
20108
24418
24817
26114
1989
25864
17738
15698
18433
22541
15949
5206
21519
31446
4695
12101
22873
5877
12101
9435
12985
32427
13795
3071
28558
18347
22951
11428
20750
8993
26784
14317
12766
30451
4009
19348
3040
7239
12002
17548
4172
26437
21089
9445
1538
23582
8996
4337
25118
13645
25674
10149
20173
7965
20611
14913
5216
19563
27590
10036
6303
18605
7490
23609
26720
11059
9622
17351
32600
4013
17732
8616
16944
30702
10083
8935
24283
31471
25749
9456
1832
25879
12857
30707
14739
11705
4578
8329
3169
26079
5383
23706
12012
1094
2300
28542
5435
12969
7968
31074
469
66
25945
24046
25047
7567
8893
32293
12101
1362
27794
18828
19870
14043
1913
27278
5299
25993
26854
4639
32184
16783
27859
9888
9884
15860
5046
23042
8086
30686
23728
27439
14081
8975
4103
5797
14185
8112
3542
31332
19430
7501
29955
28939
32424
28450
13938
10302
1492
30101
26744
30282
21135
16643
28307
13068
5719
20927
18776
6159
12954
6488
8876
27636
18049
8475
27191
32023
20237
31193
5654
12143
3430
22763
23504
8630
10096
1650
30092
11722
13982
227
18305
18516
14603
31172
31149
935
6343
4016
22986
14827
15726
27041
6526
8826
23552
5999
15570
22154
30956
23443
19685
2317
20590
16945
8930
30165
6427
10582
24367
19452
21691
7806
24807
6019
9046
13657
20875
28217
19602
15310
6388
25566
29500
28481
19852
2441
10020
5905
29886
31815
18734
10341
10155
18181
30118
22313
28703
7088
26836
14419
29123
10138
4560
22891
13204
1824
18328
29002
7571
7306
21600
3618
32446
20018
19241
25790
12096
28649
23445
9483
8933
23446
6138
30680
32720
32032
25013
2522
3440
21902
28609
18419
4016
14701
9096
12467
25198
20082
8184
24352
26927
3169
22234
12978
10001
17709
95
14498
4865
30817
12540
14949
31789
30142
376
5491
4796
4902
32068
16460
26813
31161
19210
8381
32606
20029
17288
5983
13407
14531
27295
25698
9158
3975
32423
18824
20947
10521
4614
3444
12598
6586
25345
17445
22912
24585
26066
190
472
17631
13562
21640
5103
29303
23512
16185
27446
1746
12155
29815
5198
9561
10677
6808
8383
19397
31344
26284
25326
28220
17221
14781
9801
7868
12619
9045
14277
17341
26925
27969
21130
8722
31104
5269
17644
15889
18259
21488
24990
22515
10503
8961
4386
1918
9057
20298
6020
15073
31965
4644
25160
7391
6981
18436
29345
9775
24451
11516
14308
24099
29620
17029
28219
3721
16253
17019
21918
28367
30370
17257
21759
2666
30164
29191
24005
26231
25035
1025
9084
10915
15509
18426
31691
20809
25902
30417
31398
8923
13648
10787
7876
131
12684
7185
8788
16906
32666
5187
17388
11000
5870
9772
7106
15101
24459
9360
20766
23951
13084
28228
17423
15573
29761
30774
32606
15300
12327
14509
1728
23432
32347
22481
21839
4133
4832
18797
8251
18526
13951
13300
12733
11478
6494
18626
28749
23157
13268
29093
26133
7181
10620
30620
23717
26429
25224
1758
24808
8342
20312
13342
17239
27389
2636
26382
26732
1616
19414
20002
32090
333
25811
16278
25851
17071
13083
11186
28938
11673
17494
1101
15250
25912
6930
15760
13478
29605
18963
19452
14419
22536
23018
17326
16595
16387
11466
31970
2307
28750
21654
25015
13080
8350
3902
18738
18317
20172
23884
900
8287
19763
26298
31632
5245
4186
8711
4520
30586
32723
29066
5015
16774
20066
11013
30181
29596
7522
15741
12886
3069
28517
26953
28596
7900
11803
15978
22222
26459
18293
21786
14529
25782
9737
29863
27254
22462
2233
7298
31084
13450
32143
9107
7608
23657
1004
25040
3402
13338
6626
6158
5233
27200
14558
2583
6050
528
1418
32508
25205
30285
14065
7085
26608
2166
30949
19398
22536
4158
19869
11436
11877
24380
12963
11993
7782
3300
3310
24948
101
16054
8266
7205
9276
16565
5633
31527
11527
539
22196
24991
23084
19019
15242
30252
24985
14855
23181
19903
16205
27875
29264
14509
7706
20217
14549
26114
15785
31455
4527
20761
31166
13270
28516
11625
22205
20548
25621
17570
14190
10341
9569
31481
8189
23869
1926
28095
10821
3025
13257
24633
3917
16534
7705
27308
27155
16170
32239
8119
6025
29250
20088
7141
22494
6116
6646
13187
5374
32214
5220
12975
29276
25174
18776
25522
2543
19723
24878
20368
31354
29756
16739
27869
11025
576
3135
12497
26585
20277
17335
13983
15375
25333
5009
28931
11596
21318
1737
6682
15367
21073
11316
21879
19803
342
28259
14451
25098
23453
8906
11460
16067
19888
5153
24914
27040
19655
3083
15686
8435
644
8182
2403
12098
24800
17730
17305
16528
12902
28837
20695
7390
31391
17614
290
27634
15053
5192
6628
26199
28379
15010
23174
6053
22165
4301
12096
5635
24341
197
1584
21225
16509
31859
31402
26923
9196
23507
19152
3123
26026
26194
19298
31885
18342
2938
19927
9642
10275
3792
11436
18653
4270
11005
29180
22954
12627
28717
19537
28480
7184
25013
17850
28484
21642
5880
28957
21968
2047
25483
463
16060
380
19095
354
5148
11856
16767
6078
1545
18112
1475
6515
12197
28412
2597
20558
3417
25682
16138
12843
10337
2722
14882
31241
7051
28178
331
22372
21819
3330
31923
10175
15027
32323
21565
28288
4241
18307
15399
32512
19609
30732
29929
3299
13493
23471
608
5797
28474
23034
24107
24182
26733
21938
10582
25928
12614
8317
8501
7206
15220
22238
23443
16327
5792
14438
3597
4707
4854
20521
25784
26565
27874
368
11274
14242
26135
19629
20983
10793
28630
24756
602
21211
19053
19495
25239
3485
15870
25394
12414
12811
20609
11641
18547
4368
7436
28751
22220
28851
12370
10537
14459
31284
3691
3154
20205
20056
17875
23520
19250
13313
13236
10982
13405
5377
23912
24811
11566
15664
825
4507
15598
4029
20588
31933
8091
9921
19583
19045
24901
4378
29102
22379
18616
8822
3260
9755
21851
2478
18927
18222
21592
8534
4957
20218
20733
11922
9318
10981
25699
554
30338
27423
10317
12257
27453
21649
20818
20483
22399
20240
13375
32574
21521
983
15031
4274
30557
16436
2844
9803
23669
28801
26547
9039
6999
18262
2306
11571
5744
25853
30589
11955
16734
4902
10338
4386
17658
26844
25058
8190
9366
27320
10881
19143
18563
31573
18367
14609
4567
12291
4088
25817
23404
24000
5001
12053
3116
29284
24884
8846
7820
28187
27078
22770
16727
4376
18166
13861
30125
4488
27025
28121
20043
28101
29396
1886
13325
11981
15641
21435
21424
12018
22455
2557
6365
14547
31267
32207
23139
4746
12891
9291
7109
18727
21124
23312
2036
20574
25041
9621
2397
19068
5288
21693
8998
3231
4096
19627
28597
13095
31758
23767
26739
23144
10784
24161
23247
20385
20937
3238
11909
20018
10558
19474
24864
7433
23808
21301
23229
8286
10939
27160
19
13216
9070
13265
9648
24495
22733
13909
18565
16715
31204
5262
12197
13261
8956
11949
23370
5140
25794
7362
25881
12227
18086
14217
13735
13482
18562
9095
13115
13441
10108
4694
19926
4316
27181
11838
3184
25435
30723
25605
32645
13857
16355
32519
15568
8328
12819
19337
18519
7187
4440
13130
3751
9637
24411
2139
21601
32496
26705
29233
16117
9263
12763
12537
23214
18968
20779
11051
16879
30732
27753
31074
18876
4754
27477
25707
22395
27139
6957
2459
17404
8583
18897
6502
28600
575
7205
25646
27734
3780
9143
10585
24436
27345
30626
23718
675
27452
21682
21953
25779
25131
2248
7701
20530
31620
11648
20705
31535
15781
30226
16782
25667
598
5238
23616
211
31739
31180
29867
8335
6927
30202
30504
10814
26573
31383
12295
5566
9264
1288
7463
18246
18974
29672
32197
12271
14816
19374
5266
22387
11478
11913
20488
13108
16489
2959
19709
28288
11584
18711
26489
2067
32439
28259
19909
26845
24205
4227
18884
22534
18652
1653
13446
28720
15439
10385
18459
31228
14991
7973
17317
20431
11518
1116
5553
11990
424
23908
200
6471
5239
11983
28224
11754
14502
12346
25432
6361
30327
25389
19589
388
20777
4419
4870
6647
10532
30091
12478
13152
3704
5421
13891
31691
6021
2897
30515
18737
4091
19516
20679
5553
5126
9148
16042
4381
27586
29383
12811
27576
15093
28767
24305
15934
22781
29112
29646
13093
25863
32157
28504
21795
27266
12048
2196
9968
10708
11057
23859
26701
22859
11873
23074
11333
29270
29862
4701
9395
24309
337
30724
18180
7022
2527
11184
11838
8258
2078
22023
24129
10335
14225
16270
19534
10135
532
6847
20677
1361
8131
13404
26163
28542
28185
32258
22923
22991
16981
9985
20404
32037
15138
14187
17476
27466
21878
24939
25996
2782
18619
31960
29140
3988
28205
24842
31207
17054
14211
4333
11475
12133
30929
27987
4330
2174
2477
24975
19980
22745
401
15935
27945
21820
4992
13929
12545
25072
19692
13002
27694
8379
15320
28522
30821
6926
16442
6004
13049
23678
3235
21317
8864
4472
6689
31939
10874
32305
4965
28144
28239
25053
31521
7615
19481
6689
4532
32550
3778
6858
15881
22132
15918
3519
32188
30949
12412
12084
8319
10867
16521
14881
21181
3568
19894
30963
15229
23378
26860
20097
12680
20558
21213
19265
19406
3880
12172
8892
20742
24521
4879
5439
19093
1810
19347
8660
16049
10352
3234
5232
21958
26032
24481
17518
28440
12565
32157
5948
26795
1448
30279
6997
7776
31184
18492
20335
25696
24610
20106
27125
189
27258
10096
13495
26711
843
30822
20705
17149
20787
13149
30505
31445
6355
16712
2125
23294
28893
13787
445
371
31854
28819
10900
10291
8095
20214
3277
2463
25175
21532
3764
25635
30051
26990
16538
24856
3528
7342
13005
25321
2647
32568
26568
32373
6019
2695
13990
9141
17776
11770
12765
14751
17484
27096
26152
12618
15074
7059
1477
21586
27500
24393
21473
21118
6825
10896
25681
21152
27952
1139
898
2749
12036
32440
23219
9070
14696
21605
9313
27270
27381
20866
1283
6389
26089
26655
23544
12269
2242
5785
8382
12611
21772
794
8292
14103
14455
28767
12098
11959
27692
28606
8935
15041
24161
29799
10323
136
23083
11242
19047
25785
24980
16377
15513
31551
28142
25967
15852
11875
2663
23698
10272
24888
31965
18069
32549
4406
28915
29794
5334
15141
22884
4758
5348
1853
31639
22220
3344
139
22900
4638
17822
23446
28023
19689
32262
4163
27906
20433
25068
19190
1272
15877
19026
30970
17543
9412
7949
29731
10821
9249
27765
4529
1919
5379
353
6264
11725
20591
10579
25150
6890
31754
22255
11365
5827
32729
21170
23498
30670
2380
16864
14316
413
16251
6590
24913
4531
3247
21250
1829
3734
8484
29064
8229
19750
4877
13382
10939
24620
16345
386
14442
1590
21173
25410
18541
10659
5202
10245
13723
9978
26600
31664
15246
19840
6523
3275
22276
19977
24925
4589
1413
3086
16628
17269
10311
1280
7357
7547
3662
16860
14225
32263
27095
1792
29479
29568
13559
13885
31195
20327
18816
5933
13741
20805
12324
31174
14477
32225
27357
26416
31190
30391
16012
21716
3352
26022
16352
3510
13850
20713
10105
17924
32287
27464
12621
3311
11881
13455
2891
4281
21500
32320
5951
26895
12452
10373
1014
23450
15673
11112
418
20177
8482
16454
5503
24337
17176
16257
20663
18927
22316
1654
28292
9165
3596
31151
7572
2987
18818
30553
30897
20800
31293
19960
29345
16713
2772
2905
14667
3106
31752
14280
21532
31379
5706
20868
425
25836
21629
7280
6294
8276
27644
6667
28598
22110
5599
15778
4467
31453
32122
12485
15985
21498
30759
15351
878
18563
27206
10153
26221
26758
32129
10602
28435
25631
3157
12632
3665
25742
26317
11226
10563
31628
21649
2961
19288
7392
30752
12171
17332
22061
30554
31162
12754
14606
3393
10661
17774
11108
26880
20318
13730
4591
32301
27316
13135
2332
10827
2729
23230
8222
21395
295
26759
19008
25844
32494
13746
31354
19288
11217
16157
7490
22569
3874
15389
25764
11539
23659
2152
6805
5388
30814
25907
28037
28306
18959
21911
27443
2868
11361
6713
7621
10324
5054
4138
32536
25899
15372
30476
13909
23054
29404
25207
21445
13551
20964
23195
32486
32550
32175
28710
19134
28786
15507
18280
9327
29498
31204
24244
4108
15897
2407
5130
10155
9882
16137
11764
4283
4416
11985
27566
23448
8906
10516
24713
349
5812
18152
7825
29690
24321
6874
29806
29830
28984
23012
17032
9174
25773
4249
11119
334
17921
14499
9081
19447
17388
17007
9133
31186
6458
26407
991
14700
22548
22241
16413
12723
31361
5910
11594
29704
23597
9557
24841
21653
360
12856
20701
7393
20337
2200
27790
19617
6645
29949
14286
23762
10707
16728
10012
14596
8482
6389
17385
25337
24693
26795
23545
29806
20829
3926
16397
29497
14896
29319
21951
11156
32521
19321
173
1209
29712
16455
9945
943
9468
7517
21584
28771
13782
17196
16906
20730
16639
7203
17426
12134
22132
11994
25318
23863
81
8336
9249
10676
28820
15319
18007
15915
15396
20366
29761
5253
18194
31248
13082
15389
17950
13483
4168
24787
31101
13140
21055
18524
1241
27800
12451
14812
2202
24022
22444
950
24676
24492
15055
5026
10976
7855
31387
21761
32448
3167
25057
18798
28925
23642
15895
3990
20579
25039
5886
19529
14928
24886
2435
10705
27833
10814
18915
24962
31085
3591
4371
914
16030
1426
31071
28971
18589
7286
3665
15551
229
29652
5076
25756
20059
29068
18585
7104
2772
28593
10170
5358
29144
59
28062
1025
27814
6396
25628
18817
24439
15318
14819
31860
23559
28458
26905
18038
23890
6803
28994
17932
28827
7125
26724
27446
28595
10256
10088
579
12408
19770
5572
24809
19868
10187
22615
27029
27816
8378
26516
22784
9536
18345
20707
4611
28072
7517
10052
23468
12423
25200
26422
17809
28651
15946
20951
9828
6542
21069
844
26824
28760
3408
18531
6755
12068
21327
30583
28981
18631
19808
20629
15144
26958
30185
10460
27624
7304
13585
25898
15604
15813
8564
2037
5110
5340
14619
22134
9040
17523
9899
22797
30967
28026
26332
15073
28548
11257
25133
19655
13704
20748
20183
12133
24352
32299
28415
26775
13770
1455
32559
26641
14967
13458
26887
16198
3554
26999
3632
4233
13087
7402
16274
31090
24695
16104
13511
31876
21107
3490
6095
11788
21815
18814
30981
10316
30737
27231
16209
2777
8018
14886
26784
2370
26717
30841
11921
19698
5117
27587
25457
11864
27388
891
7018
2373
20721
28586
30199
12437
31065
20903
7067
17681
29417
27173
17363
29588
32035
26736
22345
24173
23592
16116
586
13829
7885
8447
19322
17602
2800
3528
711
29226
9229
3247
7323
332
12
32454
19798
3675
24157
10641
30971
3997
13639
24330
19241
23939
10621
26344
2894
1562
9203
3361
279
28578
31215
31150
32043
3707
23395
13710
23064
12873
31610
269
2445
11856
10097
24390
459
24864
16296
31463
8022
24439
18169
18484
20208
18019
31816
2127
5063
30887
12891
4534
15854
19296
23020
525
25866
26088
29181
15646
31566
22779
21100
23838
3241
12568
1223
30769
32317
2090
8033
24369
25108
23144
22182
14763
13070
8826
14507
9003
3358
221
18186
11706
13750
29320
25324
28068
2176
23248
16231
29311
7247
25737
19979
20840
13397
32366
22967
9360
20886
30403
17329
9208
30876
31288
5878
15224
32621
31249
26063
16902
30650
15748
9637
13877
2393
8802
32022
9212
20726
20730
14409
6073
5893
26427
22398
17013
29434
24344
27625
13162
11965
13361
14016
19138
32344
3247
16019
18850
24563
26991
20188
9063
14339
8548
5591
29744
32190
11318
21651
16540
3026
47
21833
25301
26966
1880
7150
18637
7937
28639
1284
26567
27802
23484
18101
2330
29359
13204
2082
21553
9354
8414
761
14807
5729
29508
25413
9393
31693
30028
22923
4876
27261
29751
4882
32218
13612
32554
3202
12534
29392
8587
29361
30896
1557
7342
1465
18565
14601
25777
12878
16174
16665
25764
21838
11229
16188
19949
23962
30915
4206
30443
16421
7893
608
3290
29258
1744
16494
7415
24163
31610
3281
14564
1687
4395
6678
14925
18931
9869
6350
27084
32700
25248
19848
3338
23812
21505
17148
8232
22652
5483
27785
15965
137
7038
19682
32224
30618
4031
29956
17160
2744
23777
28523
20145
5727
20547
27525
3043
11660
29881
15719
24750
14103
2703
1471
1624
30019
16587
5641
11451
11156
5043
25862
27880
22240
29839
10090
20240
11177
7856
24789
26533
20138
15793
261
20412
31664
18685
24906
31926
3755
14481
13882
15135
8965
30468
18853
20694
15666
13508
4300
2670
12937
162
29389
14293
17234
18833
21346
23603
6944
11690
13771
5397
11105
14964
3081
31947
5171
611
1613
3086
3961
11166
30384
16103
4654
23557
7460
204
6138
9843
28587
9227
19715
23872
12999
26732
2566
28171
30257
21777
22182
10934
18893
27042
26116
9137
16094
27303
16783
30588
2423
19765
5662
15207
22066
1485
22332
24989
10275
16001
11458
16480
21263
14424
24236
7830
26074
23540
13093
27013
6463
15730
29412
30683
5828
6034
1979
32241
11244
536
26989
5968
15790
26482
19649
2421
4134
32154
18644
9169
13963
17982
26291
24852
16225
23071
20265
11691
28911
951
2774
30599
10740
27934
2177
27425
14998
25902
23984
443
18843
32742
30069
17640
6619
5644
8586
27470
17397
26646
16800
12971
14402
26699
29941
6934
7431
28710
2597
26504
23791
25851
8514
1946
31160
4060
13350
20112
30508
11454
30984
7063
29267
29912
21326
22347
14567
10316
18082
27260
29960
23305
8264
4658
16689
2288
19119
13550
14443
13622
32582
7475
22208
6409
19088
15685
15859
9590
5755
24625
12910
23690
12014
27661
25724
17847
29857
6529
22968
378
12849
17543
2758
16443
18292
14958
2368
8309
7946
10533
16883
14358
8756
5046
12108
19753
7913
28689
4109
434
21543
21003
30276
30425
6280
18342
17022
11083
20245
19091
24376
6366
7774
27381
20630
21876
7627
5992
27736
15137
27949
9794
19977
23440
27288
1049
23417
17058
31349
11141
28014
19545
5587
18982
28823
4597
4862
14057
4801
12892
23635
7560
20557
31167
2386
848
30178
11387
3573
2343
27231
31037
29760
3789
21780
22122
21530
7010
29745
20158
32091
12073
14206
307
2086
25227
29517
22564
16249
30303
16302
15282
6658
14696
22497
17255
13621
26399
3601
11033
1691
25523
10047
3857
14189
31055
13180
13165
24161
31387
13915
23235
3012
28293
13222
28679
23497
10561
29776
1967
801
30350
6059
31764
2507
14652
17627
10524
10286
9195
4235
2838
31333
28437
27358
17637
32218
12367
10664
20833
3350
14027
735
25594
19927
4386
2892
15519
17763
8272
3462
29406
1821
23552
19745
31820
12630
11275
2595
29223
11365
31547
22711
23098
24570
26452
8486
30465
21167
12885
23554
25358
26592
22779
24229
31659
12221
29319
19418
24257
32157
15809
31961
32760
14486
32573
30329
6432
6730
5341
16033
31184
20483
25239
9727
31308
12803
31864
23037
5548
1301
12777
21233
28475
31336
24114
29332
18206
24989
8764
26294
8758
16671
27547
9264
10567
18611
27851
3609
857
21072
27322
7485
12126
25904
903
7114
8470
28455
21130
18765
9520
10292
5524
31453
20658
21590
14200
2966
32666
22432
25546
12618
9925
20624
2022
2418
32017
11421
25908
29291
16319
27407
6315
1247
5659
531
15252
16769
22622
6671
401
18173
15827
4915
30685
9262
13881
2385
18901
6802
29289
18926
11960
25852
24632
28825
25771
22153
7583
7547
23808
26069
10009
31280
32183
30831
17741
213
7237
650
32237
14690
5525
20213
3038
24890
10061
845
8857
12545
28242
13425
209
13486
11918
7990
5718
27105
18417
22876
16697
6262
31925
3777
26161
6490
27879
7893
26685
32669
27427
11854
17291
22473
3743
285
20377
29043
9834
12448
27802
26383
29174
4633
8219
22537
17109
24927
25830
2321
27584
979
12838
24246
8413
30614
32205
26166
11586
17145
15923
24724
8629
30773
12031
1004
24757
8541
23883
26372
11199
10384
16131
19235
5578
4211
22926
14374
32532
4318
15281
7888
32288
27606
20144
30050
23039
3772
17078
619
31184
21443
6774
18914
28035
30632
6675
20594
29666
6045
7485
10517
8657
19334
6302
228
3796
12391
19060
7470
10963
30493
24191
32711
8474
19277
2333
9634
27812
9883
23988
5026
409
25628
25680
9646
12309
10253
12941
21508
9259
28613
3000
25295
10026
24040
19505
12283
1566
5854
9235
4936
16794
16771
25879
1181
27317
32
26550
31904
20819
30107
19342
17283
26534
10986
5895
8736
32500
26829
31286
10569
16794
22973
14594
857
3665
2079
133
1039
6320
3262
11189
27293
29426
376
15171
2555
25850
3128
1219
19329
13460
5668
23822
16309
17150
791
16868
12642
9127
32081
18134
28394
4150
10605
18787
15836
24014
22164
12386
11465
22416
32497
15008
14164
8802
11364
8393
28809
3567
5499
3724
10096
30447
1694
14074
14817
7849
27529
2095
2457
7094
3328
16949
18318
18439
22205
29989
2432
20522
14766
10895
24017
18376
32349
15900
20886
26483
7088
10610
7406
22430
26066
18264
27027
11501
10609
21019
26542
31152
1834
8496
9456
6314
9025
27162
23006
5398
32150
2191
8556
21484
1492
4566
20174
25184
16364
14195
21899
3499
3266
15622
30675
10255
27429
1393
12050
7957
17669
31545
709
18202
7392
22575
16781
9
12158
4175
20609
5994
24030
25576
1225
2972
29552
23805
15209
5214
7301
15339
9050
5269
8451
5965
28127
22857
14173
13085
22806
18928
962
21276
18637
28143
6037
3187
24984
27486
1310
23194
23072
25355
23423
31609
30398
19906
7913
22221
25417
16076
4367
29902
24364
12214
24027
18447
28603
14676
96
20133
3271
24068
29713
20107
31599
18743
1584
12613
19258
10286
23433
17092
10595
2
32351
22410
32372
9447
2215
7694
2582
14001
15988
8034
28968
18072
11443
13075
29198
2616
8216
27217
13132
16348
2136
13903
24659
10235
7065
19949
2202
14339
20006
5781
29937
27222
29288
5218
26387
20370
5394
9608
30586
17686
27035
3312
1399
29890
23281
4130
28033
509
5228
11368
31182
2045
5888
10032
16672
19779
11960
32179
26594
20580
23647
30676
30579
4623
1920
25163
16322
16460
3218
13314
30491
9986
31596
8895
3136
2492
6655
27396
24252
19116
32579
20276
20852
753
23154
4598
27519
28693
14965
28638
31543
23258
27035
23627
28560
23350
12689
1419
23465
7580
7055
25670
22689
3453
207
23065
14764
2319
32579
9089
18022
589
9863
8443
28519
12607
28949
15209
12567
15227
23992
26552
6339
29932
15683
3520
8177
7634
2178
22123
20977
16906
21105
9498
28597
7568
10924
16452
1507
10818
1063
28000
10535
15078
29727
1030
19662
18287
23888
15441
26513
20092
23401
15495
23214
28706
701
10748
20286
9707
18491
16691
32194
15390
9632
14663
5119
28737
19947
30345
11532
22749
1553
20587
4009
31361
30195
28317
9938
11785
1421
373
26772
15392
6768
22932
7968
20996
18802
8903
18462
13194
20644
17963
32323
20065
28036
14229
8486
4762
25460
12848
12111
13416
18027
10344
1681
15141
24043
27399
32411
406
13363
19358
4553
2928
9653
15911
2112
21531
1226
15848
22841
31413
9637
31131
13981
28506
26245
2763
30419
1443
2095
15489
20693
4204
27292
9504
7818
27355
495
6030
6480
4766
6058
12180
17623
14195
11296
32136
31798
25582
3118
5417
21816
9079
28454
970
19959
18834
12556
29107
30893
15971
32005
29380
6598
29809
31756
19035
27706
27562
23527
9848
25
26023
16985
5663
26472
12082
154
16126
9515
8965
6916
5712
4803
18901
30991
8449
12154
15247
20863
32531
3677
9698
9948
17984
22090
7165
26659
28641
2121
5018
2491
24078
31
13115
10922
15367
25377
21939
6665
15826
28999
26345
20661
806
27777
32217
13128
8584
2638
22491
12360
6580
9098
6440
3742
15422
5767
30362
73
16761
3936
11443
19795
6296
10890
26593
11012
12819
9644
512
4951
18765
4785
14625
12458
29043
16667
17290
12729
27047
20890
25854
6605
31838
10205
26942
24881
28166
11944
10191
31206
16109
8743
29950
3223
17502
21634
9250
463
23821
8369
32545
11114
17588
32658
22325
8778
19199
29496
4848
11339
29094
15494
23934
15992
13784
3837
23339
28543
2272
14035
1828
28258
15363
25925
7810
20848
25511
5934
15492
20852
30139
18903
3100
17708
10066
29201
12974
28924
19857
27009
22548
32484
17868
17980
28645
12976
10476
20628
10231
11886
19988
2865
8226
23333
24708
355
20295
18884
3261
20406
14737
8281
2277
6855
23547
26499
31854
26711
28947
19498
2803
3742
29437
10605
1634
11745
32442
28380
3168
26695
31915
14056
4841
19433
12880
8599
10295
9000
8534
18301
27110
8003
22481
22759
30549
4393
5574
15705
25423
9355
27628
18235
26859
20790
14259
20431
26544
30368
8326
20326
27389
21952
31309
17876
16552
23843
12599
1825
25318
31549
8886
16513
14699
27389
1995
18822
30162
11940
21635
5525
3902
11478
12482
22935
8514
9201
28223
14832
12798
26527
8144
5301
9099
7335
13800
15385
21658
26377
17501
13609
13399
15945
21871
20154
19860
23563
28167
9375
3363
30944
10044
25375
18307
19296
283
24230
16832
32121
21160
21434
16788
3078
31520
25393
26834
17571
14465
7841
24580
21952
18252
14617
5203
9461
12170
12302
3240
24469
25357
152
6673
31110
4344
15583
26470
3664
21122
5583
11308
22643
5366
11540
1721
13054
25854
17218
16793
22877
32546
5715
2097
22899
18828
1111
20130
27625
6926
18023
28913
9925
29542
22491
19812
15934
2240
23997
24111
18382
20092
8829
5711
13194
22834
31205
1463
28591
17395
8528
2218
27261
31442
28695
1640
26184
3747
27725
780
21452
30211
6060
2229
9921
24473
2254
11236
22703
31131
9377
12069
3588
21139
3093
2546
4452
14179
4631
22228
6464
12934
19907
27851
2986
4250
7381
10224
13415
3611
10849
9561
8518
4722
19909
30269
6321
7214
21979
3672
24194
17041
5235
29073
15128
28750
15872
25819
30889
15249
29073
9817
19161
32576
32003
28869
21644
6528
12661
19986
16377
29564
23549
32080
7425
13922
13977
28625
31166
20909
25961
8586
26974
13994
21531
20667
27954
27957
1958
22739
29698
26052
14395
13454
25508
11432
18296
27488
24780
25231
26336
28182
18726
7756
648
9915
5026
7131
17426
16312
2832
23711
16863
26176
5868
7407
11905
3051
1659
17105
7279
27553
4631
10757
10749
21946
1734
28998
10635
1891
20498
11468
6652
4420
21525
8725
874
4448
21972
28901
3095
17468
20942
19852
22951
12611
2260
12391
4749
30313
11546
7849
5060
30479
25999
28763
11967
29222
7018
14242
930
17304
17925
11585
19378
21731
10479
18014
10250
263
14397
22409
18577
28579
5920
26874
32552
11099
25789
8218
4904
30588
19256
25158
26891
10467
1298
5327
21097
1563
19638
7749
6695
29381
27214
3317
8427
27197
21467
1712
7634
3450
4997
26062
22374
18486
26671
10099
26826
20815
21583
3857
26424
2670
3837
9006
31662
742
2890
26472
17635
8671
2514
30646
5504
15283
26773
26864
25229
5784
9474
4754
30249
8832
17493
9661
14975
26685
5667
13694
12533
29673
1331
5203
27046
16005
27280
10987
3859
23264
5852
11310
23061
27066
1511
19069
535
6442
28801
21051
32129
13117
12428
19852
9847
32736
11093
5468
6084
32256
13860
29604
22033
14319
10513
15080
6491
14090
5146
30469
19108
23193
19059
6953
2536
5622
14365
20771
20562
23026
13754
19933
688
11636
20128
20262
2085
14691
11564
9909
14621
19398
8536
30315
14982
5674
30096
473
6462
11076
1474
14594
14791
32728
19637
24674
28738
29402
23451
31279
21659
8402
28649
21726
9985
1669
7014
25321
22681
14033
12930
16336
3187
10201
29930
1630
9405
23394
9305
23597
12342
26237
32177
22124
19430
7271
18506
7136
19725
24749
28554
26665
18265
25747
23222
21575
17243
21431
30471
2140
14652
13298
10241
15027
9132
31871
4608
8194
16156
10335
29460
12524
18733
18427
