18768
6663
21405
31714
15213
28011
30849
23359
12661
21554
22991
9644
31078
12274
12305
22937
24513
954
30832
11422
31887
7423
18901
7182
20898
18649
1358
27599
7709
26992
26035
1897
2871
32688
12937
31068
5691
32069
6694
27831
23507
29379
30486
27878
10375
28196
1214
22476
29313
7544
18239
13842
8339
2520
10910
28094
17019
32412
7457
775
7781
28878
10492
23399
14257
31454
20780
14067
13047
16534
13732
21480
15176
20305
17063
28806
19639
20072
28533
7969
2072
5102
20521
8309
29704
29085
32482
14394
20270
19983
8225
12280
22464
24114
1650
31773
11336
4854
14671
14157
