17057
10594
32227
5449
17096
2021
5557
17155
11340
31877
2190
19332
30179
25519
16252
14514
29357
12696
21808
5263
13938
21876
15452
1550
3884
23784
9567
12325
14277
27585
26404
1827
10273
23526
28487
4164
9823
6539
32122
16258
32092
4008
11816
26543
31865
14506
6232
28865
9375
10088
723
18541
9856
7256
29833
16631
5663
31491
9265
21064
30610
13238
2864
28993
2310
30075
8124
29007
28165
15431
31297
9279
8180
3957
27139
11348
18400
1139
15622
13463
25978
22972
16171
879
26463
15878
13467
7025
6301
6076
21352
24185
1907
24750
114
26362
18777
27144
21384
2962
16448
7296
9936
16610
17691
2260
13673
19868
23454
23668
3406
1245
21318
3707
22654
31422
31129
22756
16730
26406
16815
20987
30286
10978
1265
14865
4275
10999
16673
20852
25332
30262
30619
19103
29168
26898
4570
11437
7584
17327
28477
14868
15610
26171
11
12175
12565
10113
4534
28508
13197
31163
12380
27816
25641
20904
16787
27464
22971
991
15462
26537
14920
3171
8859
15114
7785
29815
7992
20456
17393
19124
28229
31418
21456
24920
29138
19167
16184
18145
6204
26581
30718
11483
30637
20139
2114
12534
17122
953
19794
15451
31537
3214
22988
27968
970
17962
17155
16058
31293
27502
23972
25299
30780
24528
11674
733
8866
4691
3374
23046
10677
3255
20339
24108
7848
748
25057
27378
16997
30413
12608
8979
12681
17419
21960
31734
4527
10343
19078
10115
9201
7205
13313
20534
24748
3773
31262
23409
132
23507
14657
9751
5800
3177
20149
28502
8279
14420
1102
26052
11684
7148
8012
2734
1910
13832
22147
24492
30418
554
29625
4729
4445
8950
9296
6914
12060
4329
15653
32701
28031
8519
30135
13372
25502
31061
24204
17922
27586
16841
5840
19349
9767
11903
1344
18901
6400
11885
6214
907
4540
22489
20837
26437
11144
25801
8152
3938
7957
21436
20086
2153
16283
151
2265
20895
18718
18914
15295
19416
25584
5684
21680
2701
375
19948
9442
15151
30256
7458
27481
5819
29940
4574
19026
4495
20346
27271
11234
15740
8222
10398
23003
4636
16608
15276
19695
3941
13232
22648
30488
28287
24553
20606
3383
21715
18715
32157
5115
15717
8973
5648
13316
3171
26370
31903
6472
254
20028
24854
25014
31096
21951
17655
24346
15742
12119
14444
12353
17081
17372
25471
30045
8096
10933
12173
9130
8336
15003
9464
15442
13086
6047
20765
27279
7084
25199
18566
19727
10554
27861
6496
28316
23423
6016
16943
12796
12088
15623
192
13590
1217
20011
3423
28503
21730
861
5707
3924
10219
18304
3943
23473
771
16367
10802
6977
16317
5570
2553
18542
492
25677
2124
5084
16313
28906
7598
31305
4082
4089
17040
29112
12965
23332
23681
29134
2030
7400
2975
23420
26893
5456
27729
990
6075
31748
8504
26211
14271
25475
14690
16943
1724
25005
18113
9917
17997
8580
14556
13257
3155
16947
20421
4205
28046
10064
15179
23946
13931
7774
14960
10089
9757
32150
20254
6818
24559
8167
23061
61
1753
25147
13096
17688
14161
1532
4521
4232
21347
7382
22818
11843
21764
25023
7749
20350
6820
9013
30758
26450
25090
8903
29096
9828
25924
3543
12085
22981
20039
29598
7347
12567
29748
23665
14259
12274
5972
26178
18923
20102
3877
2665
10214
3457
7853
28837
18426
307
25358
29533
17787
6127
4187
14636
9262
8117
28842
1949
26624
20239
22890
13107
21752
21817
2807
20653
27499
13700
11884
2951
29807
29180
26041
17860
12945
18761
8693
25835
2763
3027
13301
28752
14768
19498
19229
25748
26858
28324
22134
24687
14566
23624
31745
3757
4814
23786
6731
29047
22200
23704
2114
29396
14877
8245
1863
24176
27276
11620
7044
10395
18591
27048
16000
9876
20271
13513
8176
7176
31428
633
26833
16854
17743
14135
13491
10773
2588
19572
13656
9560
26114
32756
13437
3376
26589
4728
26616
6131
9534
22938
19459
6588
1888
10488
30680
22195
25694
22164
8318
19087
14500
24187
15842
2393
5283
27045
1577
7538
4810
15389
13125
1751
27057
20065
18118
16292
28311
5644
16371
27095
7182
16818
30746
2647
28917
27660
6436
30005
15271
2645
25196
20273
9586
6643
12242
18560
4683
20826
30475
29900
10431
22574
12091
25725
5677
19111
22213
25399
25395
3130
2913
32675
27750
11638
26736
16499
21318
26924
8077
10912
31601
31954
32613
31990
26646
24617
23752
17619
3501
8222
4608
12332
27621
24814
2145
16592
990
19342
33
17649
32409
27210
2666
14560
6061
14508
27054
30232
8251
27295
19515
21374
11811
11988
5391
6887
19320
28773
9965
30683
14898
23481
26032
17305
8227
10919
25056
21082
12077
31710
25219
9690
7601
14724
16693
10517
842
21277
19579
22862
28092
20143
9301
86
16935
29987
17682
25611
16001
7663
13416
3871
12098
24050
1220
5915
11617
7583
8927
931
30848
23134
8594
15099
16740
5935
30699
6090
30887
16529
25984
3102
30129
1954
28931
30129
2532
30855
13591
1899
21527
20494
28514
27687
26694
21650
1508
1722
8071
13856
30343
29489
9280
14807
25847
11611
3736
13461
15027
136
9515
6352
3429
9359
5634
7105
16239
11286
15298
13768
3782
10253
17187
524
1539
9340
17572
16738
951
25215
9854
1136
19455
29582
23254
16658
22617
6658
20022
22268
22966
4821
6718
18337
8401
11434
20631
9556
24766
20493
29225
32173
32710
23803
26254
17199
27250
421
1990
31271
7398
28273
5676
11479
22128
2882
10408
27348
11105
4601
27943
22445
26908
12860
19784
3277
108
8822
19288
21155
27163
16926
11137
29952
14784
12605
15678
14016
21208
298
22802
10412
29720
25240
26234
26527
3330
29907
32288
1512
4535
6727
31825
9200
16652
30274
6065
31773
4319
30715
20526
26101
13484
5842
18994
5255
29275
9177
27165
5126
14684
21652
17394
19128
12278
27389
13136
270
10972
7883
12197
13589
17154
11252
12446
15629
32174
10865
14050
32086
15058
4929
19711
13716
23961
5808
5284
10507
25408
10201
13330
9803
23591
24938
14285
12818
31528
10151
15511
22894
12071
11186
30110
28450
31466
13321
25333
14411
32555
20048
19521
19523
27372
20049
21429
11206
17931
15937
13632
21331
18966
9284
1540
19669
15712
16692
2059
1155
1109
11422
26165
25861
23818
29198
27765
32472
31001
